Number of vertices,Number of edges,Time in nanoseconds,Time in seconds,Count


4,6,771294,7.71294E-4,10
5,10,166526,1.66526E-4,16
6,15,222617,2.22617E-4,19
7,21,228255,2.28255E-4,28
8,28,256614,2.56614E-4,32
9,36,325428,3.25428E-4,50
10,45,366077,3.66077E-4,51
11,55,380905,3.80905E-4,48
12,66,434459,4.34459E-4,59
13,78,417580,4.1758E-4,57
14,91,367794,3.67794E-4,71
15,105,460746,4.60746E-4,81
16,120,483293,4.83293E-4,74
17,136,509266,5.09266E-4,86
18,153,469476,4.69476E-4,107
19,171,598519,5.98519E-4,125
20,190,746423,7.46423E-4,131
21,210,934571,9.34571E-4,148
22,231,743774,7.43774E-4,145
23,253,885986,8.85986E-4,137
24,276,1104978,0.001104978,180
25,300,1223500,0.0012235,158
26,325,1390931,0.001390931,211
27,351,1676775,0.001676775,206
28,378,2054963,0.002054963,213
29,406,2721794,0.002721794,240
30,435,3860823,0.003860823,236
31,465,2763173,0.002763173,265
32,496,2234673,0.002234673,235
33,528,1304927,0.001304927,284
34,561,2068257,0.002068257,276
35,595,1436289,0.001436289,269
36,630,1609019,0.001609019,324
37,666,1937371,0.001937371,348
38,703,1902272,0.001902272,380
39,741,1918281,0.001918281,337
40,780,2640696,0.002640696,395
41,820,2519299,0.002519299,382
42,861,2746800,0.0027468,442
43,903,2988307,0.002988307,464
44,946,3177216,0.003177216,454
45,990,3991465,0.003991465,450
46,1035,3743937,0.003743937,526
47,1081,7071991,0.007071991,502
48,1128,5496199,0.005496199,532
49,1176,7332086,0.007332086,547
50,1225,6070425,0.006070425,582
51,1275,6142976,0.006142976,575
52,1326,6736064,0.006736064,641
53,1378,9898687,0.009898687,593
54,1431,8456149,0.008456149,753
55,1485,9403570,0.00940357,641
56,1540,8291245,0.008291245,725
57,1596,10793397,0.010793397,817
58,1653,10698776,0.010698776,827
59,1711,10963061,0.010963061,961
60,1770,12423559,0.012423559,806
61,1830,14929663,0.014929663,754
62,1891,12945636,0.012945636,896
63,1953,12888009,0.012888009,860
64,2016,14245652,0.014245652,1079
65,2080,21580709,0.021580709,1009
66,2145,17611042,0.017611042,1136
67,2211,18858927,0.018858927,1055
68,2278,21006817,0.021006817,1200
69,2346,20570409,0.020570409,1096
70,2415,20526972,0.020526972,1170
71,2485,21339941,0.021339941,1071
72,2556,22604965,0.022604965,1186
73,2628,22864693,0.022864693,1268
74,2701,27149629,0.027149629,1261
75,2775,30767160,0.03076716,1353
76,2850,32453343,0.032453343,1482
77,2926,32428724,0.032428724,1335
78,3003,31618927,0.031618927,1599
79,3081,27688152,0.027688152,1548
80,3160,30212971,0.030212971,1563
81,3240,31835636,0.031835636,1498
82,3321,35076723,0.035076723,1728
83,3403,39984090,0.03998409,1559
84,3486,42568803,0.042568803,1644
85,3570,43781705,0.043781705,1680
86,3655,48525827,0.048525827,1726
87,3741,48497551,0.048497551,1779
88,3828,51087390,0.05108739,1870
89,3916,51782097,0.051782097,1767
90,4005,54655179,0.054655179,2067
91,4095,55561733,0.055561733,2271
92,4186,57726775,0.057726775,2019
93,4278,62763735,0.062763735,2098
94,4371,60665389,0.060665389,2190
95,4465,63742594,0.063742594,2110
96,4560,68038091,0.068038091,2196
97,4656,70988837,0.070988837,2270
98,4753,70726607,0.070726607,2643
99,4851,75640132,0.075640132,2357
100,4950,76889276,0.076889276,2447
101,5050,78122691,0.078122691,2652
102,5151,83592613,0.083592613,2676
103,5253,86143877,0.086143877,2838
104,5356,85171208,0.085171208,2578
105,5460,86192688,0.086192688,2799
106,5565,108541957,0.108541957,2792
107,5671,104600910,0.10460091,2664
108,5778,108446999,0.108446999,2911
109,5886,115056975,0.115056975,3009
110,5995,117049940,0.11704994,3063
111,6105,115101698,0.115101698,3280
112,6216,122289956,0.122289956,3124
113,6328,127077749,0.127077749,3274
114,6441,124628847,0.124628847,3629
115,6555,128567051,0.128567051,3133
116,6670,137310968,0.137310968,3422
117,6786,152696488,0.152696488,3247
118,6903,147295404,0.147295404,3153
119,7021,153446616,0.153446616,3543
120,7140,155808043,0.155808043,3407
121,7260,172007612,0.172007612,3654
122,7381,164702351,0.164702351,3646
123,7503,151691658,0.151691658,3662
124,7626,177727449,0.177727449,4255
125,7750,175657756,0.175657756,4207
126,7875,183524516,0.183524516,4541
127,8001,198655878,0.198655878,3904
128,8128,193496818,0.193496818,3988
129,8256,197754461,0.197754461,4697
130,8385,199856972,0.199856972,4366
131,8515,210531270,0.21053127,4252
132,8646,210515876,0.210515876,4171
133,8778,213987925,0.213987925,4199
134,8911,219898690,0.21989869,4444
135,9045,253149853,0.253149853,4471
136,9180,286611716,0.286611716,4581
137,9316,290904177,0.290904177,4501
138,9453,240169779,0.240169779,5114
139,9591,266688338,0.266688338,4710
140,9730,263127912,0.263127912,4800
141,9870,290439250,0.29043925,4967
142,10011,283331961,0.283331961,5541
143,10153,297523115,0.297523115,5197
144,10296,365674028,0.365674028,5043
145,10440,322691484,0.322691484,5380
146,10585,315178275,0.315178275,5509
147,10731,334088694,0.334088694,6128
148,10878,347274087,0.347274087,5426
149,11026,364285110,0.36428511,5439
150,11175,365808557,0.365808557,5418
151,11325,304463165,0.304463165,5446
152,11476,398445307,0.398445307,5756
153,11628,454163171,0.454163171,6111
154,11781,455772408,0.455772408,5953
155,11935,433602487,0.433602487,5847
156,12090,419758688,0.419758688,5791
157,12246,416460061,0.416460061,6604
158,12403,464763858,0.464763858,6226
159,12561,477086623,0.477086623,6236
160,12720,486227275,0.486227275,6176
161,12880,458863859,0.458863859,6489
162,13041,484018886,0.484018886,6458
163,13203,491033591,0.491033591,7514
164,13366,509718441,0.509718441,6703
165,13530,527353117,0.527353117,7126
166,13695,546516687,0.546516687,7069
167,13861,587619921,0.587619921,7761
168,14028,700522212,0.700522212,6893
169,14196,622044239,0.622044239,7694
170,14365,642110573,0.642110573,7910
171,14535,648567956,0.648567956,8435
172,14706,517499222,0.517499222,7422
173,14878,647805707,0.647805707,7468
174,15051,686528079,0.686528079,7638
175,15225,725830651,0.725830651,8541
176,15400,656887629,0.656887629,7713
177,15576,780409436,0.780409436,7795
178,15753,796691811,0.796691811,7653
179,15931,802890579,0.802890579,7906
180,16110,814878462,0.814878462,8166
181,16290,854061191,0.854061191,8154
182,16471,969001203,0.969001203,7959
183,16653,957398958,0.957398958,8487
184,16836,845941045,0.845941045,8227
185,17020,870792460,0.87079246,8205
186,17205,918581580,0.91858158,8499
187,17391,951729371,0.951729371,9316
188,17578,890799597,0.890799597,10089
189,17766,1161720831,1.161720831,8718
190,17955,922060928,0.922060928,9319
191,18145,942009534,0.942009534,8903
192,18336,1028490170,1.02849017,9085
193,18528,1101208075,1.101208075,8983
194,18721,1041750214,1.041750214,11083
195,18915,981285842,0.981285842,9222
196,19110,1004910138,1.004910138,10548
197,19306,1020374829,1.020374829,9709
198,19503,1073523530,1.07352353,9570
199,19701,1119565840,1.11956584,9534
200,19900,1087603891,1.087603891,9838
201,20100,1098590040,1.09859004,9944
202,20301,1180770121,1.180770121,10069
203,20503,1174298374,1.174298374,10586
204,20706,1150654630,1.15065463,10422
205,20910,1246520088,1.246520088,10501
206,21115,1346489574,1.346489574,10929
207,21321,1227516645,1.227516645,11020
208,21528,1263637006,1.263637006,10630
209,21736,1346295079,1.346295079,10815
210,21945,1397874782,1.397874782,10618
211,22155,1345758116,1.345758116,12829
212,22366,1426859323,1.426859323,11290
213,22578,1487486224,1.487486224,11041
214,22791,1450509215,1.450509215,11161
215,23005,1196858250,1.19685825,11467
216,23220,1524638483,1.524638483,11291
217,23436,1568087008,1.568087008,11316
218,23653,1529722936,1.529722936,11853
219,23871,1529283516,1.529283516,12520
220,24090,1570844489,1.570844489,12761
221,24310,1667177773,1.667177773,12321
222,24531,1609412645,1.609412645,12015
223,24753,1826413623,1.826413623,12165
224,24976,1756571065,1.756571065,12284
225,25200,1803428844,1.803428844,13325
226,25425,1461648775,1.461648775,13867
227,25651,1822046289,1.822046289,12406
228,25878,1872892444,1.872892444,14794
229,26106,1921760624,1.921760624,12697
230,26335,1865510451,1.865510451,12837
231,26565,1949272898,1.949272898,13001
232,26796,1967160033,1.967160033,13725
233,27028,2044757216,2.044757216,13378
234,27261,2083541142,2.083541142,13665
235,27495,2128140830,2.12814083,14616
236,27730,1717172878,1.717172878,14115
237,27966,2199214973,2.199214973,13474
238,28203,2333640151,2.333640151,13995
239,28441,2375470359,2.375470359,14360
240,28680,2365309161,2.365309161,14532
241,28920,2377787912,2.377787912,15142
242,29161,2776314488,2.776314488,14272
243,29403,2966487560,2.96648756,14742
244,29646,3024784676,3.024784676,14760
245,29890,1955312713,1.955312713,14599
246,30135,3161506763,3.161506763,15118
247,30381,3200134520,3.20013452,16039
248,30628,3457755736,3.457755736,14905
249,30876,3319730297,3.319730297,15738
250,31125,3318796651,3.318796651,15624
251,31375,3608233036,3.608233036,15578
252,31626,3678147693,3.678147693,15582
253,31878,3675792790,3.67579279,17455
254,32131,3007594890,3.00759489,17373
255,32385,3625028171,3.625028171,15936
256,32640,3379360696,3.379360696,15954
257,32896,3300381612,3.300381612,16210
258,33153,3487658618,3.487658618,16286
259,33411,3507157574,3.507157574,17298
260,33670,3590272410,3.59027241,16503
261,33930,3918453417,3.918453417,16447
262,34191,2799284502,2.799284502,16716
263,34453,3893691090,3.89369109,16733
264,34716,4001809481,4.001809481,18121
265,34980,4042359521,4.042359521,17563
266,35245,4156680685,4.156680685,18084
267,35511,4327970150,4.32797015,17153
268,35778,4445087992,4.445087992,17421
269,36046,4123225985,4.123225985,17726
270,36315,4470928652,4.470928652,17857
271,36585,4632980761,4.632980761,20774
272,36856,4750402213,4.750402213,18789
273,37128,4929077780,4.92907778,18331
274,37401,4954009678,4.954009678,18658
275,37675,4992876676,4.992876676,19202
276,37950,5015713478,5.015713478,19889
277,38226,5269235066,5.269235066,19093
278,38503,5525820945,5.525820945,19140
279,38781,5724031452,5.724031452,18796
280,39060,5527913098,5.527913098,19921
281,39340,5755902047,5.755902047,19274
282,39621,7982346163,7.982346163,19673
283,39903,4901825173,4.901825173,20652
284,40186,8553428619,8.553428619,20122
285,40470,8640452680,8.64045268,20184
286,40755,8198496306,8.198496306,20849
287,41041,8394417525,8.394417525,20926
288,41328,10570744452,10.570744452,20486
289,41616,10481840283,10.481840283,20554
290,41905,7983976146,7.983976146,21295
291,42195,9808339617,9.808339617,21194
292,42486,9259824158,9.259824158,21511
293,42778,9061418632,9.061418632,21323
294,43071,8698390984,8.698390984,21318
295,43365,9655831345,9.655831345,23808
296,43660,5490332521,5.490332521,22011
297,43956,10778322501,10.778322501,25852
298,44253,10258864904,10.258864904,22480
299,44551,11537251694,11.537251694,21863
300,44850,13208314601,13.208314601,22333